Rondana:
1: (319.00, 108.46, 94.82)
2: (353.00, 123.41, 99.76)
3: (400.00, 220.39, 109.86)
4: (356.00, 127.29, 102.81)
5: (302.00, 110.60, 105.67)
6: (312.00, 108.46, 105.55)
7: (423.00, 211.24, 153.52)
8: (426.00, 215.76, 105.55)
9: (399.00, 219.08, 104.34)
10: (524.00, 239.21, 134.59)
11: (528.00, 239.58, 105.59)
12: (337.00, 132.86, 116.55)
13: (331.00, 105.21, 58.02)
14: (378.00, 123.06, 160.64)
15: (427.00, 207.48, 95.97)
16: (331.00, 107.47, 58.20)
17: (374.00, 123.23, 160.64)
18: (408.00, 120.08, 132.92)
19: (332.00, 108.50, 58.15)
20: (502.00, 233.28, 110.15)
21: (393.00, 114.20, 183.06)
22: (336.00, 107.63, 81.12)
23: (510.00, 235.48, 110.20)
24: (346.00, 111.59, 81.14)
25: (494.00, 233.47, 110.33)
26: (372.00, 223.00, 150.26)
27: (333.00, 113.37, 81.31)
28: (508.00, 235.38, 110.26)
29: (409.00, 223.77, 156.51)
30: (500.00, 234.41, 110.35)
31: (404.00, 225.74, 156.56)
32: (419.00, 207.91, 79.95)
33: (396.00, 223.86, 156.57)
34: (519.00, 167.51, 149.59)
35: (391.00, 214.50, 95.40)
36: (510.00, 237.95, 115.85)
37: (386.00, 109.76, 124.52)
38: (328.00, 119.79, 171.10)
39: (350.00, 118.74, 61.63)
40: (390.00, 111.74, 138.97)
41: (494.00, 160.64, 58.30)
42: (322.00, 133.98, 157.81)
43: (393.00, 112.30, 138.99)
44: (420.00, 216.99, 69.44)
45: (470.00, 215.66, 184.79)
46: (420.00, 215.40, 69.68)
47: (389.00, 109.88, 192.34)
48: (491.00, 161.99, 73.09)
49: (495.00, 161.24, 132.01)
50: (488.00, 159.63, 73.26)
51: (531.00, 242.14, 172.87)
52: (498.00, 162.59, 106.30)
53: (479.00, 214.03, 49.54)
54: (438.00, 212.11, 140.18)
55: (443.00, 211.03, 173.84)
56: (376.00, 207.79, 86.75)
57: (465.00, 211.68, 49.30)
58: (468.00, 217.40, 194.79)
59: (394.00, 119.12, 106.94)
60: (376.00, 205.07, 86.16)
61: (447.00, 214.03, 49.32)
62: (383.00, 116.88, 106.92)
63: (357.00, 204.69, 85.70)
64: (429.00, 218.32, 125.20)
65: (480.00, 212.44, 49.52)
66: (397.00, 119.80, 88.65)
67: (469.00, 223.99, 117.62)
68: (361.00, 120.90, 95.07)
69: (437.00, 218.71, 106.32)
70: (435.00, 218.53, 106.80)
71: (430.00, 215.29, 111.21)
72: (429.00, 218.44, 106.18)
73: (494.00, 234.26, 160.57)
74: (318.00, 103.02, 40.08)
75: (419.00, 112.55, 177.10)
76: (422.00, 212.67, 163.63)
77: (380.00, 106.59, 61.24)
78: (293.00, 106.80, 45.08)
79: (388.00, 116.69, 148.63)
80: (372.00, 117.28, 166.77)
81: (420.00, 208.75, 125.75)
82: (440.00, 216.17, 67.22)
83: (376.00, 117.55, 166.32)
84: (506.00, 242.52, 120.35)
85: (480.00, 231.08, 167.61)
86: (474.00, 155.79, 68.01)
87: (334.00, 108.64, 43.62)
88: (318.00, 120.85, 111.80)
89: (491.00, 233.08, 167.82)
90: (486.00, 155.51, 68.04)
91: (350.00, 119.32, 61.81)
92: (405.00, 109.11, 65.80)
93: (370.00, 200.20, 178.18)
94: (355.00, 115.67, 86.08)
95: (522.00, 235.91, 160.00)
96: (409.00, 208.50, 168.59)
97: (391.00, 205.10, 94.01)
98: (481.00, 226.90, 78.33)
99: (344.00, 125.82, 177.35)
100: (378.00, 113.38, 68.26)
101: (512.00, 167.86, 130.08)
102: (345.00, 144.38, 119.82)
103: (513.00, 237.29, 131.19)
104: (372.00, 145.99, 129.27)
105: (398.00, 212.35, 170.40)
106: (523.00, 238.97, 130.97)
107: (383.00, 129.44, 129.02)
108: (393.00, 211.04, 170.24)
109: (363.00, 110.07, 66.26)
110: (524.00, 236.79, 131.14)
111: (377.00, 135.10, 129.14)
112: (364.00, 112.05, 66.32)
113: (313.00, 112.44, 177.35)
114: (525.00, 165.69, 130.52)
115: (481.00, 226.74, 59.65)
116: (354.00, 134.04, 131.16)
117: (356.00, 108.48, 66.31)
118: (305.00, 128.64, 177.32)
119: (458.00, 218.60, 140.08)
120: (482.00, 228.28, 59.65)
121: (367.00, 122.08, 131.14)
122: (358.00, 111.29, 66.41)
123: (299.00, 130.98, 177.36)
124: (441.00, 205.83, 113.59)
125: (489.00, 161.27, 59.61)
126: (451.00, 227.57, 171.94)
127: (376.00, 120.61, 131.04)
128: (368.00, 108.45, 66.34)
129: (324.00, 115.79, 177.26)
130: (435.00, 210.23, 116.21)
131: (367.00, 121.37, 65.87)
132: (405.00, 225.92, 175.08)
133: (450.00, 212.39, 124.58)
134: (377.00, 122.55, 71.92)
135: (321.00, 125.92, 177.24)
136: (361.00, 109.91, 55.88)
137: (367.00, 112.90, 71.78)
138: (315.00, 107.50, 197.04)
139: (378.00, 109.96, 82.86)
140: (358.00, 109.31, 71.75)
141: (290.00, 147.31, 197.03)
142: (367.00, 107.64, 71.34)
143: (343.00, 115.41, 100.87)
144: (287.00, 135.67, 197.16)
145: (345.00, 108.70, 71.39)
146: (393.00, 210.16, 88.51)
147: (312.00, 108.55, 197.02)
148: (337.00, 110.41, 71.50)
149: (365.00, 206.79, 152.98)
150: (361.00, 208.27, 75.40)
151: (313.00, 108.25, 196.95)
152: (492.00, 161.32, 141.22)
153: (514.00, 226.44, 68.64)
154: (293.00, 131.66, 197.10)
155: (511.00, 161.78, 141.14)
156: (308.00, 105.60, 197.12)
157: (525.00, 162.25, 141.22)
158: (457.00, 222.44, 174.28)
159: (413.00, 214.65, 72.36)
160: (263.00, 149.87, 183.27)
161: (446.00, 213.46, 107.93)
162: (454.00, 222.09, 174.16)
163: (419.00, 213.14, 72.47)
164: (408.00, 200.00, 119.76)
165: (261.00, 144.31, 183.40)
166: (433.00, 211.58, 33.29)
167: (449.00, 214.32, 107.63)
168: (445.00, 219.34, 175.35)
169: (318.00, 108.93, 82.39)
170: (446.00, 222.36, 170.48)
171: (419.00, 200.76, 117.47)
172: (410.00, 208.67, 33.38)
173: (430.00, 220.86, 175.11)
174: (436.00, 215.69, 165.52)
175: (411.00, 201.62, 117.32)
176: (439.00, 208.38, 33.48)
177: (395.00, 220.54, 154.65)
178: (413.00, 201.62, 117.55)
179: (402.00, 220.92, 154.44)
180: (408.00, 201.04, 117.29)
181: (422.00, 206.88, 160.13)
182: (490.00, 157.66, 67.44)
183: (488.00, 157.66, 67.68)
184: (477.00, 233.67, 155.19)
185: (487.00, 232.05, 136.11)
186: (481.00, 157.48, 67.58)
187: (469.00, 232.17, 155.16)
188: (462.00, 163.64, 143.01)
189: (330.00, 127.29, 80.76)
190: (469.00, 230.27, 155.10)
191: (461.00, 162.50, 133.60)
192: (325.00, 113.69, 63.89)
193: (436.00, 212.04, 127.67)
194: (314.00, 135.27, 164.16)
195: (370.00, 220.37, 141.33)
196: (335.00, 116.49, 63.96)
197: (447.00, 208.79, 126.62)
198: (479.00, 235.64, 161.78)
199: (360.00, 219.72, 142.11)
200: (339.00, 120.37, 63.94)
201: (390.00, 114.82, 110.70)
202: (471.00, 237.31, 161.82)
203: (285.00, 99.92, 78.00)
204: (436.00, 227.30, 147.40)
205: (546.00, 237.02, 40.15)
206: (382.00, 124.42, 178.61)
207: (260.00, 147.78, 43.24)
208: (465.00, 238.35, 161.78)
209: (471.00, 217.45, 74.16)
210: (440.00, 227.30, 147.57)
211: (393.00, 125.62, 178.63)
212: (275.00, 145.73, 43.14)
213: (470.00, 237.78, 161.86)
214: (397.00, 121.98, 178.79)
215: (290.00, 142.47, 43.06)
216: (479.00, 237.03, 162.01)
217: (410.00, 216.82, 113.25)
218: (365.00, 118.50, 173.50)
219: (304.00, 112.94, 49.40)
220: (479.00, 230.09, 165.25)
221: (449.00, 219.46, 175.98)
222: (418.00, 217.90, 112.02)
223: (300.00, 109.99, 49.25)
224: (472.00, 230.57, 165.33)
225: (397.00, 207.73, 89.50)
226: (444.00, 217.09, 175.88)
227: (427.00, 218.48, 112.04)
228: (308.00, 111.12, 49.20)
229: (469.00, 230.46, 165.35)
230: (397.00, 208.56, 89.22)
231: (367.00, 213.50, 70.87)
232: (517.00, 174.83, 160.84)
233: (423.00, 217.81, 111.86)
234: (308.00, 107.57, 49.16)
235: (301.00, 106.76, 167.53)
236: (487.00, 157.37, 102.93)
237: (477.00, 228.94, 55.80)
238: (502.00, 232.72, 102.51)
239: (487.00, 172.41, 182.00)
240: (317.00, 105.34, 49.15)
241: (309.00, 106.11, 169.46)
242: (504.00, 161.62, 102.84)
243: (501.00, 228.09, 55.71)
244: (497.00, 171.04, 163.70)
245: (328.00, 109.21, 45.68)
246: (522.00, 243.52, 187.71)
247: (492.00, 219.95, 118.19)
248: (531.00, 244.19, 187.70)
249: (294.00, 109.77, 90.43)
250: (377.00, 213.26, 104.93)
251: (475.00, 218.99, 108.75)
252: (303.00, 98.33, 91.36)
253: (389.00, 217.28, 106.81)
254: (413.00, 208.95, 45.27)
255: (436.00, 220.94, 121.61)
256: (547.00, 241.22, 180.05)
257: (396.00, 217.65, 106.88)
258: (416.00, 212.55, 45.07)
259: (440.00, 222.47, 121.58)
260: (373.00, 115.78, 174.49)
261: (365.00, 112.01, 42.41)
262: (328.00, 145.52, 124.20)
263: (367.00, 114.27, 152.42)
264: (362.00, 112.22, 42.38)
265: (522.00, 240.37, 174.37)
266: (333.00, 152.44, 125.65)
267: (468.00, 216.75, 53.76)
268: (486.00, 160.91, 95.70)
269: (442.00, 218.15, 167.18)
270: (347.00, 106.44, 24.78)
271: (516.00, 240.54, 174.33)
272: (470.00, 218.63, 53.80)
273: (489.00, 160.38, 95.52)
274: (474.00, 159.13, 156.82)
275: (319.00, 107.98, 69.34)
276: (384.00, 213.09, 66.23)
277: (474.00, 247.53, 159.86)
278: (376.00, 219.18, 111.12)
279: (486.00, 157.84, 98.59)
280: (286.00, 103.30, 155.71)
281: (484.00, 162.42, 156.65)
282: (319.00, 106.67, 69.35)
283: (392.00, 213.27, 65.83)
284: (479.00, 168.89, 159.83)
285: (373.00, 219.76, 110.85)
286: (345.00, 125.15, 165.31)
287: (488.00, 157.84, 98.50)
288: (290.00, 103.66, 155.67)
289: (479.00, 169.22, 156.95)
290: (317.00, 107.71, 69.29)
291: (358.00, 204.32, 68.23)
292: (484.00, 242.26, 158.57)
293: (465.00, 227.79, 84.83)
294: (350.00, 121.52, 164.42)
295: (491.00, 157.66, 98.71)
296: (298.00, 105.84, 155.88)
297: (483.00, 165.83, 153.52)
298: (331.00, 117.02, 60.98)
299: (344.00, 121.35, 164.40)
300: (302.00, 105.27, 155.61)
301: (491.00, 157.84, 98.60)
302: (489.00, 167.06, 153.66)
303: (338.00, 122.50, 61.67)
304: (351.00, 123.22, 164.32)
305: (386.00, 205.37, 83.59)
306: (315.00, 109.29, 155.56)
307: (485.00, 166.39, 153.78)
308: (399.00, 212.30, 65.85)
309: (350.00, 120.31, 164.32)
310: (392.00, 205.17, 83.68)
311: (316.00, 111.18, 155.82)
312: (490.00, 163.79, 153.26)
313: (421.00, 214.57, 64.34)
314: (345.00, 122.37, 164.43)
315: (390.00, 205.72, 84.43)
316: (296.00, 105.26, 155.49)
317: (382.00, 207.64, 64.74)
318: (343.00, 124.41, 171.24)
319: (384.00, 208.80, 65.02)
320: (409.00, 225.34, 157.68)
321: (464.00, 219.83, 125.84)
322: (374.00, 212.15, 64.04)
323: (412.00, 221.23, 157.75)
324: (460.00, 222.00, 125.89)
325: (375.00, 216.31, 63.71)
326: (393.00, 224.67, 157.43)
327: (350.00, 218.04, 158.87)
328: (387.00, 202.57, 71.35)
329: (454.00, 222.01, 125.91)
330: (467.00, 161.97, 47.78)
331: (531.00, 238.30, 86.09)
332: (385.00, 220.49, 156.89)
333: (344.00, 219.27, 158.90)
334: (374.00, 203.71, 71.09)
335: (445.00, 219.46, 126.10)
336: (467.00, 160.33, 48.00)
337: (535.00, 239.04, 86.01)
338: (339.00, 218.59, 158.87)
339: (373.00, 202.57, 71.10)
340: (524.00, 166.66, 176.95)
341: (446.00, 219.74, 126.04)
342: (462.00, 160.36, 47.90)
343: (518.00, 237.70, 83.60)
344: (340.00, 216.72, 158.53)
345: (366.00, 202.28, 72.72)
346: (457.00, 161.12, 47.53)
347: (522.00, 238.77, 83.69)
348: (346.00, 215.87, 158.68)
349: (374.00, 202.18, 73.27)
350: (453.00, 222.29, 131.11)
351: (469.00, 161.40, 47.89)
352: (348.00, 219.06, 158.66)
353: (191.00, 72.38, 244.61)
354: (108.00, 65.56, 77.93)
355: (338.00, 79.63, 149.51)
356: (109.00, 56.16, 152.63)

Rondana con solapa:
1: (42939.00, 2233.01, 110.99)

Tornillo:
1: (1057.00, 145.24, 126.51)
2: (1091.00, 146.57, 176.31)
3: (1068.00, 145.32, 117.15)
4: (1022.00, 144.34, 101.32)
5: (1097.00, 148.28, 191.24)
6: (1036.00, 145.63, 162.86)
7: (1056.00, 145.38, 164.18)
8: (1039.00, 145.45, 162.80)
9: (1097.00, 146.99, 182.16)
10: (1050.00, 146.78, 174.13)
11: (1038.00, 145.23, 169.41)
12: (1034.00, 143.81, 157.78)
13: (1040.00, 145.47, 164.25)
14: (1030.00, 142.31, 176.60)
15: (1022.00, 143.17, 144.06)
16: (1027.00, 144.94, 150.63)
17: (1065.00, 148.81, 177.24)
18: (1027.00, 143.60, 99.97)
19: (1054.00, 151.78, 177.27)
20: (1018.00, 144.37, 152.21)
21: (1013.00, 142.04, 99.94)
22: (1049.00, 152.59, 176.50)
23: (1016.00, 144.66, 152.28)
24: (1017.00, 142.14, 99.93)
25: (1057.00, 149.59, 176.47)
26: (1017.00, 142.81, 99.90)
27: (1060.00, 146.96, 176.45)
28: (1014.00, 142.41, 99.90)
29: (1049.00, 158.13, 176.56)
30: (1068.00, 148.76, 176.43)
31: (1087.00, 147.06, 158.01)
32: (1086.00, 147.06, 157.99)
33: (1099.00, 148.38, 176.25)
34: (1025.00, 143.38, 135.76)
35: (1098.00, 148.11, 176.26)
36: (1016.00, 142.06, 148.99)
37: (1098.00, 148.38, 176.26)
38: (1017.00, 142.06, 148.94)
39: (1098.00, 148.11, 176.25)
40: (1086.00, 147.25, 179.68)
41: (1125.00, 146.46, 196.95)
42: (1121.00, 148.57, 193.58)
43: (1128.00, 149.24, 193.59)
44: (1124.00, 148.57, 193.61)
45: (1030.00, 143.83, 103.26)
46: (1045.00, 144.89, 110.39)
47: (1053.00, 143.52, 105.40)
48: (1029.00, 143.92, 108.14)
49: (1057.00, 144.47, 119.23)
50: (1004.00, 140.64, 112.05)
51: (1090.00, 145.51, 193.54)
52: (1061.00, 146.37, 169.94)
53: (1062.00, 146.56, 169.93)
54: (1030.00, 144.47, 137.14)
55: (1035.00, 147.73, 176.93)
56: (1034.00, 143.44, 137.21)
57: (1044.00, 145.47, 123.54)
58: (1034.00, 144.74, 143.53)
59: (1044.00, 145.87, 124.81)
60: (1021.00, 143.25, 143.59)
61: (1045.00, 145.87, 124.87)
62: (1043.00, 145.39, 153.97)
63: (1036.00, 146.24, 154.04)
64: (1037.00, 145.39, 153.97)
65: (1037.00, 145.39, 153.95)
66: (1105.00, 148.69, 192.63)
67: (1103.00, 147.84, 192.66)
68: (1109.00, 148.69, 192.66)
69: (1362.00, 211.44, 212.72)

Tornillo con cabeza hexagonal:
1: (2859.00, 249.60, 213.12)

Tornillo con cabeza de cruz:
1: (674.00, 94.08, 104.46)
2: (678.00, 94.58, 116.08)
3: (644.00, 92.79, 119.27)
4: (613.00, 90.62, 85.09)
5: (565.00, 178.10, 108.42)
6: (567.00, 175.92, 93.30)
7: (662.00, 94.84, 142.07)
8: (673.00, 95.03, 154.29)
9: (626.00, 91.18, 79.91)
10: (630.00, 91.20, 75.56)
11: (656.00, 93.65, 174.18)
12: (702.00, 96.54, 188.03)
13: (669.00, 94.38, 128.63)
14: (689.00, 95.61, 170.91)
15: (666.00, 93.79, 107.43)
16: (664.00, 93.72, 104.43)
17: (587.00, 87.84, 51.14)
18: (640.00, 92.62, 169.40)
19: (641.00, 91.94, 110.49)
20: (571.00, 86.66, 42.45)
21: (653.00, 93.83, 174.45)
22: (647.00, 92.29, 110.35)
23: (575.00, 87.53, 42.53)
24: (657.00, 94.30, 174.46)
25: (651.00, 92.49, 110.39)
26: (573.00, 87.62, 42.56)
27: (536.00, 164.77, 46.17)
28: (569.00, 175.55, 93.47)
29: (678.00, 94.57, 135.13)
30: (675.00, 94.36, 133.43)
31: (605.00, 90.34, 68.28)
32: (681.00, 94.76, 160.07)
33: (664.00, 93.72, 102.30)
34: (588.00, 87.90, 48.27)
35: (564.00, 86.61, 43.55)
36: (601.00, 89.35, 46.70)
37: (676.00, 94.39, 160.21)
38: (658.00, 95.72, 102.00)
39: (652.00, 93.75, 172.10)
40: (606.00, 89.31, 73.88)
41: (684.00, 95.42, 141.90)
42: (677.00, 95.52, 158.81)
43: (538.00, 166.83, 129.75)
44: (625.00, 90.90, 63.83)
45: (715.00, 97.40, 192.40)
46: (677.00, 96.37, 130.19)
47: (617.00, 90.15, 72.07)
48: (634.00, 93.47, 148.28)
49: (612.00, 90.35, 63.93)
50: (714.00, 97.03, 192.41)
51: (616.00, 90.34, 72.04)
52: (636.00, 92.06, 148.20)
53: (616.00, 90.72, 63.90)
54: (715.00, 97.21, 198.44)
55: (618.00, 90.53, 72.08)
56: (620.00, 90.90, 63.79)
57: (713.00, 97.18, 198.33)
58: (626.00, 91.21, 64.00)
59: (718.00, 97.18, 199.12)
60: (709.00, 96.72, 195.90)
61: (706.00, 97.28, 189.35)
62: (654.00, 93.47, 180.63)
63: (652.00, 93.34, 106.46)
64: (664.00, 94.59, 170.86)
65: (624.00, 90.66, 67.53)
66: (631.00, 91.30, 67.45)
67: (655.00, 93.35, 108.19)
68: (635.00, 91.48, 67.44)
69: (613.00, 88.76, 49.93)
70: (650.00, 92.79, 105.24)
71: (637.00, 91.94, 86.16)
72: (657.00, 93.17, 105.10)
73: (642.00, 92.32, 86.03)
74: (659.00, 93.17, 105.17)
75: (639.00, 92.22, 86.06)
76: (671.00, 95.16, 154.58)
77: (611.00, 89.86, 58.52)
78: (655.00, 93.53, 124.42)
79: (664.00, 94.39, 117.54)
80: (611.00, 89.98, 51.87)
81: (661.00, 94.00, 117.51)
82: (615.00, 91.11, 51.86)
83: (660.00, 93.72, 117.52)
84: (613.00, 90.08, 51.88)
85: (672.00, 94.21, 125.80)
86: (530.00, 171.95, 67.72)
87: (672.00, 94.39, 125.79)
88: (538.00, 174.59, 68.68)
89: (541.00, 171.41, 47.44)
90: (605.00, 89.48, 54.68)
91: (604.00, 89.48, 54.66)
92: (547.00, 174.87, 103.03)
93: (656.00, 93.83, 103.83)
94: (554.00, 235.61, 40.18)
95: (660.00, 94.02, 103.81)
96: (584.00, 88.38, 81.66)
97: (611.00, 90.00, 50.01)
98: (674.00, 94.76, 171.83)
99: (665.00, 94.02, 103.76)
100: (597.00, 89.92, 81.58)
101: (602.00, 89.62, 45.26)
102: (680.00, 95.41, 174.90)
103: (596.00, 88.87, 83.68)
104: (599.00, 89.14, 45.21)
105: (678.00, 96.08, 174.93)
106: (674.00, 95.04, 174.99)
107: (648.00, 93.35, 86.43)
108: (562.00, 175.95, 168.97)
109: (563.00, 247.06, 147.08)
110: (578.00, 176.55, 131.38)
111: (635.00, 92.71, 109.75)
112: (614.00, 91.21, 174.88)
113: (587.00, 88.69, 82.17)
114: (643.00, 93.64, 123.76)
115: (619.00, 90.84, 174.85)
116: (585.00, 88.02, 82.15)
117: (644.00, 93.06, 123.73)
118: (611.00, 90.84, 174.85)
119: (539.00, 169.97, 175.21)
120: (605.00, 91.58, 118.76)
121: (602.00, 89.62, 172.28)
122: (633.00, 92.31, 128.55)
123: (611.00, 90.84, 165.18)
124: (685.00, 96.65, 184.28)
125: (639.00, 93.35, 128.50)
126: (617.00, 90.66, 165.19)
127: (661.00, 93.81, 110.27)
128: (685.00, 95.31, 187.08)
129: (620.00, 90.84, 165.16)
130: (635.00, 91.64, 89.83)
131: (618.00, 90.66, 165.19)
132: (636.00, 92.10, 89.89)
133: (665.00, 94.94, 121.56)
134: (612.00, 90.38, 165.17)
135: (583.00, 88.20, 35.09)
136: (581.00, 88.02, 35.10)
137: (582.00, 250.33, 157.39)
138: (582.00, 87.62, 34.53)
139: (622.00, 90.18, 65.51)
140: (671.00, 94.49, 122.92)
141: (701.00, 95.86, 175.05)
142: (599.00, 88.94, 39.63)
143: (637.00, 92.13, 92.58)
144: (616.00, 89.81, 65.56)
145: (670.00, 94.30, 122.97)
146: (699.00, 95.86, 175.01)
147: (600.00, 88.76, 39.58)
148: (635.00, 92.40, 92.48)
149: (619.00, 90.00, 65.51)
150: (668.00, 95.16, 122.91)
151: (703.00, 96.71, 175.01)
152: (601.00, 88.57, 39.57)
153: (635.00, 92.40, 92.54)
154: (627.00, 90.93, 65.40)
155: (701.00, 97.09, 175.01)
156: (593.00, 88.39, 39.44)
157: (637.00, 92.03, 92.45)
158: (713.00, 97.39, 187.85)
159: (595.00, 89.06, 39.52)
160: (636.00, 92.31, 92.44)
161: (707.00, 97.02, 187.90)
162: (596.00, 89.91, 39.46)
163: (638.00, 92.12, 92.46)
164: (716.00, 96.72, 194.97)
165: (595.00, 88.57, 39.42)
166: (637.00, 92.21, 92.42)
167: (718.00, 96.90, 194.97)
168: (592.00, 90.00, 39.48)
169: (638.00, 92.03, 92.45)
170: (712.00, 96.90, 194.99)
171: (589.00, 88.30, 39.45)
172: (713.00, 96.72, 194.97)
173: (590.00, 88.30, 39.47)
174: (571.00, 245.72, 178.48)
175: (587.00, 88.30, 39.49)
176: (565.00, 245.99, 178.32)
177: (661.00, 93.35, 145.85)
178: (665.00, 94.26, 122.48)
179: (588.00, 88.21, 39.49)
180: (567.00, 246.08, 178.25)
181: (656.00, 93.16, 145.79)
182: (587.00, 88.58, 39.49)
183: (573.00, 245.90, 178.36)

Tuerca:
1: (1006.00, 143.36, 85.84)
2: (948.00, 140.92, 66.51)
3: (922.00, 137.59, 87.84)
4: (961.00, 138.00, 127.70)
5: (958.00, 140.88, 110.88)
6: (951.00, 145.75, 110.90)
7: (942.00, 142.80, 110.85)
8: (949.00, 145.03, 110.82)
9: (973.00, 138.67, 64.82)
10: (983.00, 139.31, 64.81)
11: (1000.00, 142.69, 93.78)
12: (927.00, 133.69, 40.24)
13: (921.00, 133.33, 40.34)
14: (955.00, 136.23, 39.65)
15: (1001.00, 144.01, 91.45)
16: (915.00, 142.17, 92.66)
17: (941.00, 136.83, 52.29)
18: (954.00, 149.67, 39.18)
19: (981.00, 155.78, 73.16)
20: (892.00, 133.23, 73.84)
21: (968.00, 141.12, 126.55)
22: (880.00, 131.14, 46.73)
23: (900.00, 133.41, 45.26)
24: (927.00, 134.55, 53.71)
25: (910.00, 135.98, 53.67)
26: (918.00, 134.83, 53.76)
27: (947.00, 138.74, 43.06)
28: (907.00, 133.90, 53.82)
29: (982.00, 140.20, 69.58)
30: (913.00, 136.51, 73.03)
31: (981.00, 139.89, 63.33)
32: (924.00, 149.04, 156.85)
33: (911.00, 134.91, 73.13)
34: (930.00, 147.74, 156.85)
35: (918.00, 136.53, 75.23)
36: (912.00, 137.66, 75.21)
37: (901.00, 136.81, 75.41)
38: (864.00, 150.96, 101.61)
39: (893.00, 136.99, 101.45)
40: (900.00, 135.66, 101.38)
41: (918.00, 136.14, 85.24)
42: (920.00, 135.85, 85.33)
43: (924.00, 135.67, 85.24)
44: (916.00, 136.04, 85.33)
45: (1001.00, 141.19, 112.13)
46: (956.00, 143.57, 57.19)
47: (945.00, 139.55, 48.77)
48: (967.00, 141.59, 57.21)
49: (952.00, 140.31, 48.70)
50: (952.00, 151.73, 65.42)
51: (925.00, 141.27, 51.07)
52: (953.00, 141.42, 64.75)
53: (898.00, 133.78, 98.13)
54: (951.00, 140.68, 64.77)
55: (901.00, 133.22, 98.08)
56: (1009.00, 140.74, 95.70)
57: (965.00, 138.63, 64.65)
58: (904.00, 133.22, 98.05)
59: (997.00, 138.94, 92.96)
60: (996.00, 138.94, 93.03)
61: (940.00, 133.70, 57.29)
62: (910.00, 133.33, 66.40)
63: (930.00, 144.32, 149.99)
64: (935.00, 135.19, 57.33)
65: (911.00, 133.51, 66.36)
66: (945.00, 139.25, 150.06)
67: (937.00, 136.06, 61.34)
68: (911.00, 133.33, 66.35)
69: (940.00, 140.46, 150.06)
70: (943.00, 135.59, 61.36)
71: (938.00, 135.31, 61.34)
72: (937.00, 136.44, 61.35)
73: (935.00, 134.17, 60.50)
74: (934.00, 133.99, 60.55)
75: (937.00, 134.82, 60.46)
76: (971.00, 141.98, 91.40)
77: (910.00, 134.50, 72.65)

